GRID INICIAL: 

1 1 2 1 0 1 0 
2 1 2 1 1 2 2 
0 1 2 1 2 1 0 
0 1 0 1 1 2 1 
2 0 0 1 2 2 0 
1 0 0 0 2 2 1 
2 1 0 1 0 0 2 


ITERAÇÃO: 1
2 2 2 2 0 2 0  
2 2 2 2 2 2 2  
1 2 2 2 2 2 0  
0 2 0 2 2 2 2  
2 0 1 2 2 2 0  
2 0 1 0 2 2 2  
2 2 0 2 0 0 2  
 
ITERAÇÃO: 2
0 0 0 0 0 0 0  
2 2 0 0 0 0 0  
2 2 0 0 0 0 0  
0 2 0 2 0 0 0  
0 0 2 2 0 0 0  
0 0 2 0 0 0 0  
0 2 0 2 0 0 0  
 
ITERAÇÃO: 3
0 0 0 0 0 0 0  
0 0 0 0 0 0 0  
0 0 0 0 0 0 0  
0 0 0 0 0 0 0  
0 0 0 0 0 0 0  
0 0 0 0 0 0 0  
0 0 0 0 0 0 0  
 
ITERAÇÃO: 4
0 0 0 0 0 0 0  
0 0 0 0 0 0 0  
0 0 0 0 0 0 0  
0 0 0 0 0 0 0  
0 0 0 0 0 0 0  
0 0 0 0 0 0 0  
0 0 0 0 0 0 0  
 
ITERAÇÃO: 5
0 0 0 0 0 0 0  
0 0 0 0 0 0 0  
0 0 0 0 0 0 0  
0 0 0 0 0 0 0  
0 0 0 0 0 0 0  
0 0 0 0 0 0 0  
0 0 0 0 0 0 0  
 
